------------------------------------------------------------------------------------------------------------------------------------
        type    it        mer  rhomer       |dx|  rhodx   lin        |x|  ntrial      alpha        eta      |F_h|        N  meshiter
------------------------------------------------------------------------------------------------------------------------------------
    init         0  4.571e-01     nan        nan    nan     0  6.708e+00       0        nan  4.224e-03  4.818e-01       11         0
   newton        0  2.774e-01    0.61  6.969e+00    nan     0  3.986e+00       0  1.000e+00  2.441e-02  2.913e-01       11         0
   newton        1  6.187e-02    0.22  1.122e+00   0.16     0  3.425e+00       0  1.000e+00  1.073e-02  6.423e-02       11         0
   newton        2  1.248e-02    0.20  4.848e-01   0.43     0  3.232e+00       0  1.000e+00  9.699e-03  8.277e-03       11         0
   newton        3  9.710e-04    0.08  1.431e-01   0.30     0  3.204e+00       0  1.000e+00  9.544e-04  1.885e-04       70         4
   newton        4  1.847e-05    0.02  1.280e-02   0.09     0  3.204e+00       0  1.000e+00  1.847e-05  9.623e-08     3512         7
   newton        5  6.694e-08    0.00  2.612e-04   0.02     0  3.204e+00       0  1.000e+00  6.694e-08  8.189e-12   973070        10
   newton        6  4.033e-09    0.06  9.397e-07   0.00     0  3.204e+00       0  1.000e+00  4.031e-09  1.332e-10 16142732         5
